[Names]
name1=Steel (304 SS)
name2=Aluminum (6061-T6)
name3=Titanium (6Al-4V)
name4=Beryllium (I220)
name5=Invar


[Properties]
Elastic1=195.
Shear1=86.
Poisson1=0.29
Density1=8000.
Yield1=215.
CTE1=17.3
Conductivity1=16.2
Specific1=0.0005

Elastic2=68.9
Shear2=26.
Poisson2=0.33
Density2=2700.
Yield2=276.
CTE2=23.6
Conductivity2=167.0
Specific2=0.0009

Elastic3=113.8
Shear3=44.
Poisson3=0.342
Density3=4430.
Yield3=880.
CTE3=8.6
Conductivity3=6.7
Specific3=0.00053

Elastic4=303.
Shear4=135.
Poisson4=0.13
Density4=1844.
Yield4=345.
CTE4=11.5
Conductivity4=216.
Specific4=0.00193

Elastic5=148.
Shear5=56.
Poisson5=0.29
Density5=8137.89
Yield5=241.3
CTE5=1.3
Conductivity5=10.15
Specific5=0.00052